0.5923
0.618475
0.60065
0.602
0.601275
0.5763
0.601625
0.59865
0.613275
0.5846
0.60115
0.591325
0.5839
0.594325
0.59055
0.569475
0.600975
0.6031
0.593925
0.583225
0.596175
0.60875
0.583425
0.589075
0.591075
0.579375
0.5786
0.586
0.59805
0.592625
0.605975
0.59315
0.583825
0.5981
0.587575
0.59445
0.5936
0.593125
0.5987
0.603925
0.59005
0.614275
0.5918
0.594675
0.5876
0.591975
0.5884
0.5978
0.603975
0.60025
0.59205
0.58555
0.5803
0.580625
0.597875
0.586025
0.592175
0.605625
0.577925
0.600675
0.598275
0.577675
0.60035
0.608875
0.5808
0.59555
0.58965
0.5627
0.5674
0.600325
0.593925
0.59405
0.593675
0.59945
0.596425
0.5754
0.601825
0.58665
0.606525
0.5946
0.596175
0.59655
0.591875
0.584275
0.59835
0.59525
0.57665
0.5876
0.59025
0.5922
0.576175
0.5836
0.59625
0.585075
0.585775
0.5887
0.583125
0.586775
0.582425
0.591825
0.6007
0.56985
0.592525
0.58955
0.59005
0.59315
0.588425
0.595825
0.5941
0.5978
0.60245
0.580275
0.5863
0.592875
0.59565
0.585625
0.6046
0.59495
0.577675
0.585775
0.579425
0.563925
0.597575
0.60135
0.596175
0.575025
0.60965
0.587525
0.58865
0.597675
0.6058
0.599975
0.59455
0.570575
0.593175
0.58035
0.597075
0.60335
0.592275
0.58435
0.599675
0.592125
0.588525
0.577325
0.591625
0.596625
0.602325
0.60035
0.601175
0.58555
0.594725
0.604475
0.587825
0.5871
0.590775
0.605325
0.58685
0.5976
0.5857
0.585725
0.588025
0.582825
0.579225
0.596125
0.595225
0.57875
0.5909
0.596725
0.597475
0.59265
0.62555
0.591
0.59265
0.587225
0.575925
0.6034
0.58035
0.596675
0.59005
0.579425
0.585575
0.57825
0.572825
0.588525
0.580475
0.60515
0.60525
0.595875
0.57305
0.5844
0.6064
0.587775
0.5963
0.5972
0.584675
0.61015
0.58485
0.587925
0.5942
0.609925